{
 "cells": [
  {
   "cell_type": "code",
   "execution_count": 3,
   "metadata": {},
   "outputs": [],
   "source": [
    "import pandas as pd"
   ]
  },
  {
   "cell_type": "code",
   "execution_count": 4,
   "metadata": {},
   "outputs": [],
   "source": [
    "df = pd.read_excel('newdata.xlsx')"
   ]
  },
  {
   "cell_type": "code",
   "execution_count": 5,
   "metadata": {},
   "outputs": [
    {
     "data": {
      "text/html": [
       "<div>\n",
       "<style scoped>\n",
       "    .dataframe tbody tr th:only-of-type {\n",
       "        vertical-align: middle;\n",
       "    }\n",
       "\n",
       "    .dataframe tbody tr th {\n",
       "        vertical-align: top;\n",
       "    }\n",
       "\n",
       "    .dataframe thead th {\n",
       "        text-align: right;\n",
       "    }\n",
       "</style>\n",
       "<table border=\"1\" class=\"dataframe\">\n",
       "  <thead>\n",
       "    <tr style=\"text-align: right;\">\n",
       "      <th></th>\n",
       "      <th>Unnamed: 0</th>\n",
       "      <th>Age</th>\n",
       "      <th>Sex</th>\n",
       "      <th>RestingBP</th>\n",
       "      <th>Cholesterol</th>\n",
       "      <th>FastingBS</th>\n",
       "      <th>MaxHR</th>\n",
       "      <th>ExerciseAngina</th>\n",
       "      <th>Oldpeak</th>\n",
       "      <th>HeartDisease</th>\n",
       "      <th>Down</th>\n",
       "      <th>Flat</th>\n",
       "      <th>Up</th>\n",
       "      <th>LVH</th>\n",
       "      <th>Normal</th>\n",
       "      <th>ST</th>\n",
       "      <th>ASY</th>\n",
       "      <th>ATA</th>\n",
       "      <th>NAP</th>\n",
       "      <th>TA</th>\n",
       "    </tr>\n",
       "  </thead>\n",
       "  <tbody>\n",
       "    <tr>\n",
       "      <th>0</th>\n",
       "      <td>0</td>\n",
       "      <td>40</td>\n",
       "      <td>1</td>\n",
       "      <td>140</td>\n",
       "      <td>289</td>\n",
       "      <td>0</td>\n",
       "      <td>172</td>\n",
       "      <td>0</td>\n",
       "      <td>0.0</td>\n",
       "      <td>0</td>\n",
       "      <td>0</td>\n",
       "      <td>0</td>\n",
       "      <td>1</td>\n",
       "      <td>0</td>\n",
       "      <td>1</td>\n",
       "      <td>0</td>\n",
       "      <td>0</td>\n",
       "      <td>1</td>\n",
       "      <td>0</td>\n",
       "      <td>0</td>\n",
       "    </tr>\n",
       "    <tr>\n",
       "      <th>1</th>\n",
       "      <td>1</td>\n",
       "      <td>49</td>\n",
       "      <td>0</td>\n",
       "      <td>160</td>\n",
       "      <td>180</td>\n",
       "      <td>0</td>\n",
       "      <td>156</td>\n",
       "      <td>0</td>\n",
       "      <td>1.0</td>\n",
       "      <td>1</td>\n",
       "      <td>0</td>\n",
       "      <td>1</td>\n",
       "      <td>0</td>\n",
       "      <td>0</td>\n",
       "      <td>1</td>\n",
       "      <td>0</td>\n",
       "      <td>0</td>\n",
       "      <td>0</td>\n",
       "      <td>1</td>\n",
       "      <td>0</td>\n",
       "    </tr>\n",
       "    <tr>\n",
       "      <th>2</th>\n",
       "      <td>2</td>\n",
       "      <td>37</td>\n",
       "      <td>1</td>\n",
       "      <td>130</td>\n",
       "      <td>283</td>\n",
       "      <td>0</td>\n",
       "      <td>98</td>\n",
       "      <td>0</td>\n",
       "      <td>0.0</td>\n",
       "      <td>0</td>\n",
       "      <td>0</td>\n",
       "      <td>0</td>\n",
       "      <td>1</td>\n",
       "      <td>0</td>\n",
       "      <td>0</td>\n",
       "      <td>1</td>\n",
       "      <td>0</td>\n",
       "      <td>1</td>\n",
       "      <td>0</td>\n",
       "      <td>0</td>\n",
       "    </tr>\n",
       "    <tr>\n",
       "      <th>3</th>\n",
       "      <td>3</td>\n",
       "      <td>48</td>\n",
       "      <td>0</td>\n",
       "      <td>138</td>\n",
       "      <td>214</td>\n",
       "      <td>0</td>\n",
       "      <td>108</td>\n",
       "      <td>1</td>\n",
       "      <td>1.5</td>\n",
       "      <td>1</td>\n",
       "      <td>0</td>\n",
       "      <td>1</td>\n",
       "      <td>0</td>\n",
       "      <td>0</td>\n",
       "      <td>1</td>\n",
       "      <td>0</td>\n",
       "      <td>1</td>\n",
       "      <td>0</td>\n",
       "      <td>0</td>\n",
       "      <td>0</td>\n",
       "    </tr>\n",
       "    <tr>\n",
       "      <th>4</th>\n",
       "      <td>4</td>\n",
       "      <td>54</td>\n",
       "      <td>1</td>\n",
       "      <td>150</td>\n",
       "      <td>195</td>\n",
       "      <td>0</td>\n",
       "      <td>122</td>\n",
       "      <td>0</td>\n",
       "      <td>0.0</td>\n",
       "      <td>0</td>\n",
       "      <td>0</td>\n",
       "      <td>0</td>\n",
       "      <td>1</td>\n",
       "      <td>0</td>\n",
       "      <td>1</td>\n",
       "      <td>0</td>\n",
       "      <td>0</td>\n",
       "      <td>0</td>\n",
       "      <td>1</td>\n",
       "      <td>0</td>\n",
       "    </tr>\n",
       "    <tr>\n",
       "      <th>...</th>\n",
       "      <td>...</td>\n",
       "      <td>...</td>\n",
       "      <td>...</td>\n",
       "      <td>...</td>\n",
       "      <td>...</td>\n",
       "      <td>...</td>\n",
       "      <td>...</td>\n",
       "      <td>...</td>\n",
       "      <td>...</td>\n",
       "      <td>...</td>\n",
       "      <td>...</td>\n",
       "      <td>...</td>\n",
       "      <td>...</td>\n",
       "      <td>...</td>\n",
       "      <td>...</td>\n",
       "      <td>...</td>\n",
       "      <td>...</td>\n",
       "      <td>...</td>\n",
       "      <td>...</td>\n",
       "      <td>...</td>\n",
       "    </tr>\n",
       "    <tr>\n",
       "      <th>913</th>\n",
       "      <td>913</td>\n",
       "      <td>45</td>\n",
       "      <td>1</td>\n",
       "      <td>110</td>\n",
       "      <td>264</td>\n",
       "      <td>0</td>\n",
       "      <td>132</td>\n",
       "      <td>0</td>\n",
       "      <td>1.2</td>\n",
       "      <td>1</td>\n",
       "      <td>0</td>\n",
       "      <td>1</td>\n",
       "      <td>0</td>\n",
       "      <td>0</td>\n",
       "      <td>1</td>\n",
       "      <td>0</td>\n",
       "      <td>0</td>\n",
       "      <td>0</td>\n",
       "      <td>0</td>\n",
       "      <td>1</td>\n",
       "    </tr>\n",
       "    <tr>\n",
       "      <th>914</th>\n",
       "      <td>914</td>\n",
       "      <td>68</td>\n",
       "      <td>1</td>\n",
       "      <td>144</td>\n",
       "      <td>193</td>\n",
       "      <td>1</td>\n",
       "      <td>141</td>\n",
       "      <td>0</td>\n",
       "      <td>3.4</td>\n",
       "      <td>1</td>\n",
       "      <td>0</td>\n",
       "      <td>1</td>\n",
       "      <td>0</td>\n",
       "      <td>0</td>\n",
       "      <td>1</td>\n",
       "      <td>0</td>\n",
       "      <td>1</td>\n",
       "      <td>0</td>\n",
       "      <td>0</td>\n",
       "      <td>0</td>\n",
       "    </tr>\n",
       "    <tr>\n",
       "      <th>915</th>\n",
       "      <td>915</td>\n",
       "      <td>57</td>\n",
       "      <td>1</td>\n",
       "      <td>130</td>\n",
       "      <td>131</td>\n",
       "      <td>0</td>\n",
       "      <td>115</td>\n",
       "      <td>1</td>\n",
       "      <td>1.2</td>\n",
       "      <td>1</td>\n",
       "      <td>0</td>\n",
       "      <td>1</td>\n",
       "      <td>0</td>\n",
       "      <td>0</td>\n",
       "      <td>1</td>\n",
       "      <td>0</td>\n",
       "      <td>1</td>\n",
       "      <td>0</td>\n",
       "      <td>0</td>\n",
       "      <td>0</td>\n",
       "    </tr>\n",
       "    <tr>\n",
       "      <th>916</th>\n",
       "      <td>916</td>\n",
       "      <td>57</td>\n",
       "      <td>0</td>\n",
       "      <td>130</td>\n",
       "      <td>236</td>\n",
       "      <td>0</td>\n",
       "      <td>174</td>\n",
       "      <td>0</td>\n",
       "      <td>0.0</td>\n",
       "      <td>1</td>\n",
       "      <td>0</td>\n",
       "      <td>1</td>\n",
       "      <td>0</td>\n",
       "      <td>1</td>\n",
       "      <td>0</td>\n",
       "      <td>0</td>\n",
       "      <td>0</td>\n",
       "      <td>1</td>\n",
       "      <td>0</td>\n",
       "      <td>0</td>\n",
       "    </tr>\n",
       "    <tr>\n",
       "      <th>917</th>\n",
       "      <td>917</td>\n",
       "      <td>38</td>\n",
       "      <td>1</td>\n",
       "      <td>138</td>\n",
       "      <td>175</td>\n",
       "      <td>0</td>\n",
       "      <td>173</td>\n",
       "      <td>0</td>\n",
       "      <td>0.0</td>\n",
       "      <td>0</td>\n",
       "      <td>0</td>\n",
       "      <td>0</td>\n",
       "      <td>1</td>\n",
       "      <td>0</td>\n",
       "      <td>1</td>\n",
       "      <td>0</td>\n",
       "      <td>0</td>\n",
       "      <td>0</td>\n",
       "      <td>1</td>\n",
       "      <td>0</td>\n",
       "    </tr>\n",
       "  </tbody>\n",
       "</table>\n",
       "<p>918 rows × 20 columns</p>\n",
       "</div>"
      ],
      "text/plain": [
       "     Unnamed: 0  Age  Sex  RestingBP  Cholesterol  FastingBS  MaxHR  \\\n",
       "0             0   40    1        140          289          0    172   \n",
       "1             1   49    0        160          180          0    156   \n",
       "2             2   37    1        130          283          0     98   \n",
       "3             3   48    0        138          214          0    108   \n",
       "4             4   54    1        150          195          0    122   \n",
       "..          ...  ...  ...        ...          ...        ...    ...   \n",
       "913         913   45    1        110          264          0    132   \n",
       "914         914   68    1        144          193          1    141   \n",
       "915         915   57    1        130          131          0    115   \n",
       "916         916   57    0        130          236          0    174   \n",
       "917         917   38    1        138          175          0    173   \n",
       "\n",
       "     ExerciseAngina  Oldpeak  HeartDisease  Down  Flat  Up  LVH  Normal  ST  \\\n",
       "0                 0      0.0             0     0     0   1    0       1   0   \n",
       "1                 0      1.0             1     0     1   0    0       1   0   \n",
       "2                 0      0.0             0     0     0   1    0       0   1   \n",
       "3                 1      1.5             1     0     1   0    0       1   0   \n",
       "4                 0      0.0             0     0     0   1    0       1   0   \n",
       "..              ...      ...           ...   ...   ...  ..  ...     ...  ..   \n",
       "913               0      1.2             1     0     1   0    0       1   0   \n",
       "914               0      3.4             1     0     1   0    0       1   0   \n",
       "915               1      1.2             1     0     1   0    0       1   0   \n",
       "916               0      0.0             1     0     1   0    1       0   0   \n",
       "917               0      0.0             0     0     0   1    0       1   0   \n",
       "\n",
       "     ASY  ATA  NAP  TA  \n",
       "0      0    1    0   0  \n",
       "1      0    0    1   0  \n",
       "2      0    1    0   0  \n",
       "3      1    0    0   0  \n",
       "4      0    0    1   0  \n",
       "..   ...  ...  ...  ..  \n",
       "913    0    0    0   1  \n",
       "914    1    0    0   0  \n",
       "915    1    0    0   0  \n",
       "916    0    1    0   0  \n",
       "917    0    0    1   0  \n",
       "\n",
       "[918 rows x 20 columns]"
      ]
     },
     "execution_count": 5,
     "metadata": {},
     "output_type": "execute_result"
    }
   ],
   "source": [
    "df"
   ]
  },
  {
   "cell_type": "code",
   "execution_count": 6,
   "metadata": {},
   "outputs": [
    {
     "data": {
      "text/plain": [
       "<bound method NDFrame.describe of      Unnamed: 0  Age  Sex  RestingBP  Cholesterol  FastingBS  MaxHR  \\\n",
       "0             0   40    1        140          289          0    172   \n",
       "1             1   49    0        160          180          0    156   \n",
       "2             2   37    1        130          283          0     98   \n",
       "3             3   48    0        138          214          0    108   \n",
       "4             4   54    1        150          195          0    122   \n",
       "..          ...  ...  ...        ...          ...        ...    ...   \n",
       "913         913   45    1        110          264          0    132   \n",
       "914         914   68    1        144          193          1    141   \n",
       "915         915   57    1        130          131          0    115   \n",
       "916         916   57    0        130          236          0    174   \n",
       "917         917   38    1        138          175          0    173   \n",
       "\n",
       "     ExerciseAngina  Oldpeak  HeartDisease  Down  Flat  Up  LVH  Normal  ST  \\\n",
       "0                 0      0.0             0     0     0   1    0       1   0   \n",
       "1                 0      1.0             1     0     1   0    0       1   0   \n",
       "2                 0      0.0             0     0     0   1    0       0   1   \n",
       "3                 1      1.5             1     0     1   0    0       1   0   \n",
       "4                 0      0.0             0     0     0   1    0       1   0   \n",
       "..              ...      ...           ...   ...   ...  ..  ...     ...  ..   \n",
       "913               0      1.2             1     0     1   0    0       1   0   \n",
       "914               0      3.4             1     0     1   0    0       1   0   \n",
       "915               1      1.2             1     0     1   0    0       1   0   \n",
       "916               0      0.0             1     0     1   0    1       0   0   \n",
       "917               0      0.0             0     0     0   1    0       1   0   \n",
       "\n",
       "     ASY  ATA  NAP  TA  \n",
       "0      0    1    0   0  \n",
       "1      0    0    1   0  \n",
       "2      0    1    0   0  \n",
       "3      1    0    0   0  \n",
       "4      0    0    1   0  \n",
       "..   ...  ...  ...  ..  \n",
       "913    0    0    0   1  \n",
       "914    1    0    0   0  \n",
       "915    1    0    0   0  \n",
       "916    0    1    0   0  \n",
       "917    0    0    1   0  \n",
       "\n",
       "[918 rows x 20 columns]>"
      ]
     },
     "execution_count": 6,
     "metadata": {},
     "output_type": "execute_result"
    }
   ],
   "source": [
    "df.describe"
   ]
  },
  {
   "cell_type": "code",
   "execution_count": 7,
   "metadata": {},
   "outputs": [
    {
     "data": {
      "text/html": [
       "<div>\n",
       "<style scoped>\n",
       "    .dataframe tbody tr th:only-of-type {\n",
       "        vertical-align: middle;\n",
       "    }\n",
       "\n",
       "    .dataframe tbody tr th {\n",
       "        vertical-align: top;\n",
       "    }\n",
       "\n",
       "    .dataframe thead th {\n",
       "        text-align: right;\n",
       "    }\n",
       "</style>\n",
       "<table border=\"1\" class=\"dataframe\">\n",
       "  <thead>\n",
       "    <tr style=\"text-align: right;\">\n",
       "      <th></th>\n",
       "      <th>Unnamed: 0</th>\n",
       "      <th>Age</th>\n",
       "      <th>Sex</th>\n",
       "      <th>RestingBP</th>\n",
       "      <th>Cholesterol</th>\n",
       "      <th>FastingBS</th>\n",
       "      <th>MaxHR</th>\n",
       "      <th>ExerciseAngina</th>\n",
       "      <th>Oldpeak</th>\n",
       "      <th>HeartDisease</th>\n",
       "      <th>Down</th>\n",
       "      <th>Flat</th>\n",
       "      <th>Up</th>\n",
       "      <th>LVH</th>\n",
       "      <th>Normal</th>\n",
       "      <th>ST</th>\n",
       "      <th>ASY</th>\n",
       "      <th>ATA</th>\n",
       "      <th>NAP</th>\n",
       "      <th>TA</th>\n",
       "    </tr>\n",
       "  </thead>\n",
       "  <tbody>\n",
       "    <tr>\n",
       "      <th>Unnamed: 0</th>\n",
       "      <td>1.000000</td>\n",
       "      <td>0.289604</td>\n",
       "      <td>-0.032528</td>\n",
       "      <td>0.022075</td>\n",
       "      <td>0.111230</td>\n",
       "      <td>0.033716</td>\n",
       "      <td>0.165221</td>\n",
       "      <td>0.033611</td>\n",
       "      <td>0.188523</td>\n",
       "      <td>0.055109</td>\n",
       "      <td>0.108310</td>\n",
       "      <td>0.031964</td>\n",
       "      <td>-0.087585</td>\n",
       "      <td>0.456266</td>\n",
       "      <td>-0.259424</td>\n",
       "      <td>-0.144440</td>\n",
       "      <td>0.023829</td>\n",
       "      <td>-0.185904</td>\n",
       "      <td>0.108285</td>\n",
       "      <td>0.072822</td>\n",
       "    </tr>\n",
       "    <tr>\n",
       "      <th>Age</th>\n",
       "      <td>0.289604</td>\n",
       "      <td>1.000000</td>\n",
       "      <td>0.055750</td>\n",
       "      <td>0.254399</td>\n",
       "      <td>-0.095282</td>\n",
       "      <td>0.198039</td>\n",
       "      <td>-0.382045</td>\n",
       "      <td>0.215793</td>\n",
       "      <td>0.258612</td>\n",
       "      <td>0.282039</td>\n",
       "      <td>0.138397</td>\n",
       "      <td>0.185568</td>\n",
       "      <td>-0.258067</td>\n",
       "      <td>0.145727</td>\n",
       "      <td>-0.230566</td>\n",
       "      <td>0.136798</td>\n",
       "      <td>0.166607</td>\n",
       "      <td>-0.218165</td>\n",
       "      <td>-0.011335</td>\n",
       "      <td>0.032042</td>\n",
       "    </tr>\n",
       "    <tr>\n",
       "      <th>Sex</th>\n",
       "      <td>-0.032528</td>\n",
       "      <td>0.055750</td>\n",
       "      <td>1.000000</td>\n",
       "      <td>0.005133</td>\n",
       "      <td>-0.200092</td>\n",
       "      <td>0.120076</td>\n",
       "      <td>-0.189186</td>\n",
       "      <td>0.190664</td>\n",
       "      <td>0.105734</td>\n",
       "      <td>0.305445</td>\n",
       "      <td>0.066036</td>\n",
       "      <td>0.116077</td>\n",
       "      <td>-0.150942</td>\n",
       "      <td>-0.049518</td>\n",
       "      <td>-0.010634</td>\n",
       "      <td>0.063715</td>\n",
       "      <td>0.183876</td>\n",
       "      <td>-0.161522</td>\n",
       "      <td>-0.066486</td>\n",
       "      <td>-0.004031</td>\n",
       "    </tr>\n",
       "    <tr>\n",
       "      <th>RestingBP</th>\n",
       "      <td>0.022075</td>\n",
       "      <td>0.254399</td>\n",
       "      <td>0.005133</td>\n",
       "      <td>1.000000</td>\n",
       "      <td>0.100893</td>\n",
       "      <td>0.070193</td>\n",
       "      <td>-0.112135</td>\n",
       "      <td>0.155101</td>\n",
       "      <td>0.164803</td>\n",
       "      <td>0.107589</td>\n",
       "      <td>-0.007912</td>\n",
       "      <td>0.099207</td>\n",
       "      <td>-0.096146</td>\n",
       "      <td>0.053166</td>\n",
       "      <td>-0.116851</td>\n",
       "      <td>0.090447</td>\n",
       "      <td>0.048824</td>\n",
       "      <td>-0.046153</td>\n",
       "      <td>-0.041348</td>\n",
       "      <td>0.049855</td>\n",
       "    </tr>\n",
       "    <tr>\n",
       "      <th>Cholesterol</th>\n",
       "      <td>0.111230</td>\n",
       "      <td>-0.095282</td>\n",
       "      <td>-0.200092</td>\n",
       "      <td>0.100893</td>\n",
       "      <td>1.000000</td>\n",
       "      <td>-0.260974</td>\n",
       "      <td>0.235792</td>\n",
       "      <td>-0.034166</td>\n",
       "      <td>0.050148</td>\n",
       "      <td>-0.232741</td>\n",
       "      <td>-0.083371</td>\n",
       "      <td>-0.050953</td>\n",
       "      <td>0.094027</td>\n",
       "      <td>0.177077</td>\n",
       "      <td>-0.038470</td>\n",
       "      <td>-0.133106</td>\n",
       "      <td>-0.120531</td>\n",
       "      <td>0.150954</td>\n",
       "      <td>-0.006634</td>\n",
       "      <td>0.017365</td>\n",
       "    </tr>\n",
       "    <tr>\n",
       "      <th>FastingBS</th>\n",
       "      <td>0.033716</td>\n",
       "      <td>0.198039</td>\n",
       "      <td>0.120076</td>\n",
       "      <td>0.070193</td>\n",
       "      <td>-0.260974</td>\n",
       "      <td>1.000000</td>\n",
       "      <td>-0.131438</td>\n",
       "      <td>0.060451</td>\n",
       "      <td>0.052698</td>\n",
       "      <td>0.267291</td>\n",
       "      <td>0.105102</td>\n",
       "      <td>0.107006</td>\n",
       "      <td>-0.161730</td>\n",
       "      <td>-0.011656</td>\n",
       "      <td>-0.093028</td>\n",
       "      <td>0.127110</td>\n",
       "      <td>0.131176</td>\n",
       "      <td>-0.140514</td>\n",
       "      <td>-0.039249</td>\n",
       "      <td>0.026885</td>\n",
       "    </tr>\n",
       "    <tr>\n",
       "      <th>MaxHR</th>\n",
       "      <td>0.165221</td>\n",
       "      <td>-0.382045</td>\n",
       "      <td>-0.189186</td>\n",
       "      <td>-0.112135</td>\n",
       "      <td>0.235792</td>\n",
       "      <td>-0.131438</td>\n",
       "      <td>1.000000</td>\n",
       "      <td>-0.370425</td>\n",
       "      <td>-0.160691</td>\n",
       "      <td>-0.400421</td>\n",
       "      <td>-0.073316</td>\n",
       "      <td>-0.342581</td>\n",
       "      <td>0.383397</td>\n",
       "      <td>0.125793</td>\n",
       "      <td>0.023801</td>\n",
       "      <td>-0.157879</td>\n",
       "      <td>-0.354963</td>\n",
       "      <td>0.253735</td>\n",
       "      <td>0.134580</td>\n",
       "      <td>0.100025</td>\n",
       "    </tr>\n",
       "    <tr>\n",
       "      <th>ExerciseAngina</th>\n",
       "      <td>0.033611</td>\n",
       "      <td>0.215793</td>\n",
       "      <td>0.190664</td>\n",
       "      <td>0.155101</td>\n",
       "      <td>-0.034166</td>\n",
       "      <td>0.060451</td>\n",
       "      <td>-0.370425</td>\n",
       "      <td>1.000000</td>\n",
       "      <td>0.408752</td>\n",
       "      <td>0.494282</td>\n",
       "      <td>0.136439</td>\n",
       "      <td>0.382237</td>\n",
       "      <td>-0.455676</td>\n",
       "      <td>-0.016382</td>\n",
       "      <td>-0.072924</td>\n",
       "      <td>0.107036</td>\n",
       "      <td>0.430034</td>\n",
       "      <td>-0.300365</td>\n",
       "      <td>-0.166030</td>\n",
       "      <td>-0.128105</td>\n",
       "    </tr>\n",
       "    <tr>\n",
       "      <th>Oldpeak</th>\n",
       "      <td>0.188523</td>\n",
       "      <td>0.258612</td>\n",
       "      <td>0.105734</td>\n",
       "      <td>0.164803</td>\n",
       "      <td>0.050148</td>\n",
       "      <td>0.052698</td>\n",
       "      <td>-0.160691</td>\n",
       "      <td>0.408752</td>\n",
       "      <td>1.000000</td>\n",
       "      <td>0.403951</td>\n",
       "      <td>0.322130</td>\n",
       "      <td>0.283295</td>\n",
       "      <td>-0.450577</td>\n",
       "      <td>0.086794</td>\n",
       "      <td>-0.116719</td>\n",
       "      <td>0.055958</td>\n",
       "      <td>0.280026</td>\n",
       "      <td>-0.262124</td>\n",
       "      <td>-0.106212</td>\n",
       "      <td>0.032231</td>\n",
       "    </tr>\n",
       "    <tr>\n",
       "      <th>HeartDisease</th>\n",
       "      <td>0.055109</td>\n",
       "      <td>0.282039</td>\n",
       "      <td>0.305445</td>\n",
       "      <td>0.107589</td>\n",
       "      <td>-0.232741</td>\n",
       "      <td>0.267291</td>\n",
       "      <td>-0.400421</td>\n",
       "      <td>0.494282</td>\n",
       "      <td>0.403951</td>\n",
       "      <td>1.000000</td>\n",
       "      <td>0.122527</td>\n",
       "      <td>0.554134</td>\n",
       "      <td>-0.622164</td>\n",
       "      <td>0.010670</td>\n",
       "      <td>-0.091580</td>\n",
       "      <td>0.102527</td>\n",
       "      <td>0.516716</td>\n",
       "      <td>-0.401924</td>\n",
       "      <td>-0.212964</td>\n",
       "      <td>-0.054790</td>\n",
       "    </tr>\n",
       "    <tr>\n",
       "      <th>Down</th>\n",
       "      <td>0.108310</td>\n",
       "      <td>0.138397</td>\n",
       "      <td>0.066036</td>\n",
       "      <td>-0.007912</td>\n",
       "      <td>-0.083371</td>\n",
       "      <td>0.105102</td>\n",
       "      <td>-0.073316</td>\n",
       "      <td>0.136439</td>\n",
       "      <td>0.322130</td>\n",
       "      <td>0.122527</td>\n",
       "      <td>1.000000</td>\n",
       "      <td>-0.272040</td>\n",
       "      <td>-0.235904</td>\n",
       "      <td>0.043755</td>\n",
       "      <td>-0.060564</td>\n",
       "      <td>0.030345</td>\n",
       "      <td>0.103407</td>\n",
       "      <td>-0.097754</td>\n",
       "      <td>-0.040816</td>\n",
       "      <td>0.016651</td>\n",
       "    </tr>\n",
       "    <tr>\n",
       "      <th>Flat</th>\n",
       "      <td>0.031964</td>\n",
       "      <td>0.185568</td>\n",
       "      <td>0.116077</td>\n",
       "      <td>0.099207</td>\n",
       "      <td>-0.050953</td>\n",
       "      <td>0.107006</td>\n",
       "      <td>-0.342581</td>\n",
       "      <td>0.382237</td>\n",
       "      <td>0.283295</td>\n",
       "      <td>0.554134</td>\n",
       "      <td>-0.272040</td>\n",
       "      <td>1.000000</td>\n",
       "      <td>-0.870951</td>\n",
       "      <td>0.015091</td>\n",
       "      <td>-0.047172</td>\n",
       "      <td>0.043017</td>\n",
       "      <td>0.303645</td>\n",
       "      <td>-0.304667</td>\n",
       "      <td>-0.072031</td>\n",
       "      <td>-0.010486</td>\n",
       "    </tr>\n",
       "    <tr>\n",
       "      <th>Up</th>\n",
       "      <td>-0.087585</td>\n",
       "      <td>-0.258067</td>\n",
       "      <td>-0.150942</td>\n",
       "      <td>-0.096146</td>\n",
       "      <td>0.094027</td>\n",
       "      <td>-0.161730</td>\n",
       "      <td>0.383397</td>\n",
       "      <td>-0.455676</td>\n",
       "      <td>-0.450577</td>\n",
       "      <td>-0.622164</td>\n",
       "      <td>-0.235904</td>\n",
       "      <td>-0.870951</td>\n",
       "      <td>1.000000</td>\n",
       "      <td>-0.037582</td>\n",
       "      <td>0.078563</td>\n",
       "      <td>-0.058936</td>\n",
       "      <td>-0.359443</td>\n",
       "      <td>0.357588</td>\n",
       "      <td>0.093583</td>\n",
       "      <td>0.002087</td>\n",
       "    </tr>\n",
       "    <tr>\n",
       "      <th>LVH</th>\n",
       "      <td>0.456266</td>\n",
       "      <td>0.145727</td>\n",
       "      <td>-0.049518</td>\n",
       "      <td>0.053166</td>\n",
       "      <td>0.177077</td>\n",
       "      <td>-0.011656</td>\n",
       "      <td>0.125793</td>\n",
       "      <td>-0.016382</td>\n",
       "      <td>0.086794</td>\n",
       "      <td>0.010670</td>\n",
       "      <td>0.043755</td>\n",
       "      <td>0.015091</td>\n",
       "      <td>-0.037582</td>\n",
       "      <td>1.000000</td>\n",
       "      <td>-0.623227</td>\n",
       "      <td>-0.248892</td>\n",
       "      <td>0.002289</td>\n",
       "      <td>-0.085791</td>\n",
       "      <td>0.035299</td>\n",
       "      <td>0.081407</td>\n",
       "    </tr>\n",
       "    <tr>\n",
       "      <th>Normal</th>\n",
       "      <td>-0.259424</td>\n",
       "      <td>-0.230566</td>\n",
       "      <td>-0.010634</td>\n",
       "      <td>-0.116851</td>\n",
       "      <td>-0.038470</td>\n",
       "      <td>-0.093028</td>\n",
       "      <td>0.023801</td>\n",
       "      <td>-0.072924</td>\n",
       "      <td>-0.116719</td>\n",
       "      <td>-0.091580</td>\n",
       "      <td>-0.060564</td>\n",
       "      <td>-0.047172</td>\n",
       "      <td>0.078563</td>\n",
       "      <td>-0.623227</td>\n",
       "      <td>1.000000</td>\n",
       "      <td>-0.602314</td>\n",
       "      <td>-0.063606</td>\n",
       "      <td>0.107941</td>\n",
       "      <td>0.005010</td>\n",
       "      <td>-0.057719</td>\n",
       "    </tr>\n",
       "    <tr>\n",
       "      <th>ST</th>\n",
       "      <td>-0.144440</td>\n",
       "      <td>0.136798</td>\n",
       "      <td>0.063715</td>\n",
       "      <td>0.090447</td>\n",
       "      <td>-0.133106</td>\n",
       "      <td>0.127110</td>\n",
       "      <td>-0.157879</td>\n",
       "      <td>0.107036</td>\n",
       "      <td>0.055958</td>\n",
       "      <td>0.102527</td>\n",
       "      <td>0.030345</td>\n",
       "      <td>0.043017</td>\n",
       "      <td>-0.058936</td>\n",
       "      <td>-0.248892</td>\n",
       "      <td>-0.602314</td>\n",
       "      <td>1.000000</td>\n",
       "      <td>0.076438</td>\n",
       "      <td>-0.046111</td>\n",
       "      <td>-0.042236</td>\n",
       "      <td>-0.011611</td>\n",
       "    </tr>\n",
       "    <tr>\n",
       "      <th>ASY</th>\n",
       "      <td>0.023829</td>\n",
       "      <td>0.166607</td>\n",
       "      <td>0.183876</td>\n",
       "      <td>0.048824</td>\n",
       "      <td>-0.120531</td>\n",
       "      <td>0.131176</td>\n",
       "      <td>-0.354963</td>\n",
       "      <td>0.430034</td>\n",
       "      <td>0.280026</td>\n",
       "      <td>0.516716</td>\n",
       "      <td>0.103407</td>\n",
       "      <td>0.303645</td>\n",
       "      <td>-0.359443</td>\n",
       "      <td>0.002289</td>\n",
       "      <td>-0.063606</td>\n",
       "      <td>0.076438</td>\n",
       "      <td>1.000000</td>\n",
       "      <td>-0.522432</td>\n",
       "      <td>-0.577670</td>\n",
       "      <td>-0.249003</td>\n",
       "    </tr>\n",
       "    <tr>\n",
       "      <th>ATA</th>\n",
       "      <td>-0.185904</td>\n",
       "      <td>-0.218165</td>\n",
       "      <td>-0.161522</td>\n",
       "      <td>-0.046153</td>\n",
       "      <td>0.150954</td>\n",
       "      <td>-0.140514</td>\n",
       "      <td>0.253735</td>\n",
       "      <td>-0.300365</td>\n",
       "      <td>-0.262124</td>\n",
       "      <td>-0.401924</td>\n",
       "      <td>-0.097754</td>\n",
       "      <td>-0.304667</td>\n",
       "      <td>0.357588</td>\n",
       "      <td>-0.085791</td>\n",
       "      <td>0.107941</td>\n",
       "      <td>-0.046111</td>\n",
       "      <td>-0.522432</td>\n",
       "      <td>1.000000</td>\n",
       "      <td>-0.256767</td>\n",
       "      <td>-0.110679</td>\n",
       "    </tr>\n",
       "    <tr>\n",
       "      <th>NAP</th>\n",
       "      <td>0.108285</td>\n",
       "      <td>-0.011335</td>\n",
       "      <td>-0.066486</td>\n",
       "      <td>-0.041348</td>\n",
       "      <td>-0.006634</td>\n",
       "      <td>-0.039249</td>\n",
       "      <td>0.134580</td>\n",
       "      <td>-0.166030</td>\n",
       "      <td>-0.106212</td>\n",
       "      <td>-0.212964</td>\n",
       "      <td>-0.040816</td>\n",
       "      <td>-0.072031</td>\n",
       "      <td>0.093583</td>\n",
       "      <td>0.035299</td>\n",
       "      <td>0.005010</td>\n",
       "      <td>-0.042236</td>\n",
       "      <td>-0.577670</td>\n",
       "      <td>-0.256767</td>\n",
       "      <td>1.000000</td>\n",
       "      <td>-0.122381</td>\n",
       "    </tr>\n",
       "    <tr>\n",
       "      <th>TA</th>\n",
       "      <td>0.072822</td>\n",
       "      <td>0.032042</td>\n",
       "      <td>-0.004031</td>\n",
       "      <td>0.049855</td>\n",
       "      <td>0.017365</td>\n",
       "      <td>0.026885</td>\n",
       "      <td>0.100025</td>\n",
       "      <td>-0.128105</td>\n",
       "      <td>0.032231</td>\n",
       "      <td>-0.054790</td>\n",
       "      <td>0.016651</td>\n",
       "      <td>-0.010486</td>\n",
       "      <td>0.002087</td>\n",
       "      <td>0.081407</td>\n",
       "      <td>-0.057719</td>\n",
       "      <td>-0.011611</td>\n",
       "      <td>-0.249003</td>\n",
       "      <td>-0.110679</td>\n",
       "      <td>-0.122381</td>\n",
       "      <td>1.000000</td>\n",
       "    </tr>\n",
       "  </tbody>\n",
       "</table>\n",
       "</div>"
      ],
      "text/plain": [
       "                Unnamed: 0       Age       Sex  RestingBP  Cholesterol  \\\n",
       "Unnamed: 0        1.000000  0.289604 -0.032528   0.022075     0.111230   \n",
       "Age               0.289604  1.000000  0.055750   0.254399    -0.095282   \n",
       "Sex              -0.032528  0.055750  1.000000   0.005133    -0.200092   \n",
       "RestingBP         0.022075  0.254399  0.005133   1.000000     0.100893   \n",
       "Cholesterol       0.111230 -0.095282 -0.200092   0.100893     1.000000   \n",
       "FastingBS         0.033716  0.198039  0.120076   0.070193    -0.260974   \n",
       "MaxHR             0.165221 -0.382045 -0.189186  -0.112135     0.235792   \n",
       "ExerciseAngina    0.033611  0.215793  0.190664   0.155101    -0.034166   \n",
       "Oldpeak           0.188523  0.258612  0.105734   0.164803     0.050148   \n",
       "HeartDisease      0.055109  0.282039  0.305445   0.107589    -0.232741   \n",
       "Down              0.108310  0.138397  0.066036  -0.007912    -0.083371   \n",
       "Flat              0.031964  0.185568  0.116077   0.099207    -0.050953   \n",
       "Up               -0.087585 -0.258067 -0.150942  -0.096146     0.094027   \n",
       "LVH               0.456266  0.145727 -0.049518   0.053166     0.177077   \n",
       "Normal           -0.259424 -0.230566 -0.010634  -0.116851    -0.038470   \n",
       "ST               -0.144440  0.136798  0.063715   0.090447    -0.133106   \n",
       "ASY               0.023829  0.166607  0.183876   0.048824    -0.120531   \n",
       "ATA              -0.185904 -0.218165 -0.161522  -0.046153     0.150954   \n",
       "NAP               0.108285 -0.011335 -0.066486  -0.041348    -0.006634   \n",
       "TA                0.072822  0.032042 -0.004031   0.049855     0.017365   \n",
       "\n",
       "                FastingBS     MaxHR  ExerciseAngina   Oldpeak  HeartDisease  \\\n",
       "Unnamed: 0       0.033716  0.165221        0.033611  0.188523      0.055109   \n",
       "Age              0.198039 -0.382045        0.215793  0.258612      0.282039   \n",
       "Sex              0.120076 -0.189186        0.190664  0.105734      0.305445   \n",
       "RestingBP        0.070193 -0.112135        0.155101  0.164803      0.107589   \n",
       "Cholesterol     -0.260974  0.235792       -0.034166  0.050148     -0.232741   \n",
       "FastingBS        1.000000 -0.131438        0.060451  0.052698      0.267291   \n",
       "MaxHR           -0.131438  1.000000       -0.370425 -0.160691     -0.400421   \n",
       "ExerciseAngina   0.060451 -0.370425        1.000000  0.408752      0.494282   \n",
       "Oldpeak          0.052698 -0.160691        0.408752  1.000000      0.403951   \n",
       "HeartDisease     0.267291 -0.400421        0.494282  0.403951      1.000000   \n",
       "Down             0.105102 -0.073316        0.136439  0.322130      0.122527   \n",
       "Flat             0.107006 -0.342581        0.382237  0.283295      0.554134   \n",
       "Up              -0.161730  0.383397       -0.455676 -0.450577     -0.622164   \n",
       "LVH             -0.011656  0.125793       -0.016382  0.086794      0.010670   \n",
       "Normal          -0.093028  0.023801       -0.072924 -0.116719     -0.091580   \n",
       "ST               0.127110 -0.157879        0.107036  0.055958      0.102527   \n",
       "ASY              0.131176 -0.354963        0.430034  0.280026      0.516716   \n",
       "ATA             -0.140514  0.253735       -0.300365 -0.262124     -0.401924   \n",
       "NAP             -0.039249  0.134580       -0.166030 -0.106212     -0.212964   \n",
       "TA               0.026885  0.100025       -0.128105  0.032231     -0.054790   \n",
       "\n",
       "                    Down      Flat        Up       LVH    Normal        ST  \\\n",
       "Unnamed: 0      0.108310  0.031964 -0.087585  0.456266 -0.259424 -0.144440   \n",
       "Age             0.138397  0.185568 -0.258067  0.145727 -0.230566  0.136798   \n",
       "Sex             0.066036  0.116077 -0.150942 -0.049518 -0.010634  0.063715   \n",
       "RestingBP      -0.007912  0.099207 -0.096146  0.053166 -0.116851  0.090447   \n",
       "Cholesterol    -0.083371 -0.050953  0.094027  0.177077 -0.038470 -0.133106   \n",
       "FastingBS       0.105102  0.107006 -0.161730 -0.011656 -0.093028  0.127110   \n",
       "MaxHR          -0.073316 -0.342581  0.383397  0.125793  0.023801 -0.157879   \n",
       "ExerciseAngina  0.136439  0.382237 -0.455676 -0.016382 -0.072924  0.107036   \n",
       "Oldpeak         0.322130  0.283295 -0.450577  0.086794 -0.116719  0.055958   \n",
       "HeartDisease    0.122527  0.554134 -0.622164  0.010670 -0.091580  0.102527   \n",
       "Down            1.000000 -0.272040 -0.235904  0.043755 -0.060564  0.030345   \n",
       "Flat           -0.272040  1.000000 -0.870951  0.015091 -0.047172  0.043017   \n",
       "Up             -0.235904 -0.870951  1.000000 -0.037582  0.078563 -0.058936   \n",
       "LVH             0.043755  0.015091 -0.037582  1.000000 -0.623227 -0.248892   \n",
       "Normal         -0.060564 -0.047172  0.078563 -0.623227  1.000000 -0.602314   \n",
       "ST              0.030345  0.043017 -0.058936 -0.248892 -0.602314  1.000000   \n",
       "ASY             0.103407  0.303645 -0.359443  0.002289 -0.063606  0.076438   \n",
       "ATA            -0.097754 -0.304667  0.357588 -0.085791  0.107941 -0.046111   \n",
       "NAP            -0.040816 -0.072031  0.093583  0.035299  0.005010 -0.042236   \n",
       "TA              0.016651 -0.010486  0.002087  0.081407 -0.057719 -0.011611   \n",
       "\n",
       "                     ASY       ATA       NAP        TA  \n",
       "Unnamed: 0      0.023829 -0.185904  0.108285  0.072822  \n",
       "Age             0.166607 -0.218165 -0.011335  0.032042  \n",
       "Sex             0.183876 -0.161522 -0.066486 -0.004031  \n",
       "RestingBP       0.048824 -0.046153 -0.041348  0.049855  \n",
       "Cholesterol    -0.120531  0.150954 -0.006634  0.017365  \n",
       "FastingBS       0.131176 -0.140514 -0.039249  0.026885  \n",
       "MaxHR          -0.354963  0.253735  0.134580  0.100025  \n",
       "ExerciseAngina  0.430034 -0.300365 -0.166030 -0.128105  \n",
       "Oldpeak         0.280026 -0.262124 -0.106212  0.032231  \n",
       "HeartDisease    0.516716 -0.401924 -0.212964 -0.054790  \n",
       "Down            0.103407 -0.097754 -0.040816  0.016651  \n",
       "Flat            0.303645 -0.304667 -0.072031 -0.010486  \n",
       "Up             -0.359443  0.357588  0.093583  0.002087  \n",
       "LVH             0.002289 -0.085791  0.035299  0.081407  \n",
       "Normal         -0.063606  0.107941  0.005010 -0.057719  \n",
       "ST              0.076438 -0.046111 -0.042236 -0.011611  \n",
       "ASY             1.000000 -0.522432 -0.577670 -0.249003  \n",
       "ATA            -0.522432  1.000000 -0.256767 -0.110679  \n",
       "NAP            -0.577670 -0.256767  1.000000 -0.122381  \n",
       "TA             -0.249003 -0.110679 -0.122381  1.000000  "
      ]
     },
     "execution_count": 7,
     "metadata": {},
     "output_type": "execute_result"
    }
   ],
   "source": [
    "df.corr()"
   ]
  },
  {
   "cell_type": "code",
   "execution_count": 8,
   "metadata": {},
   "outputs": [],
   "source": [
    "import numpy as np\n",
    "import seaborn as sns\n",
    "import matplotlib.pyplot as plt\n",
